warps:
  example:
    world: "world"
    x: 62.12569745300169
    y: 4.0
    z: -349.9033441452851
    yaw: 10.826992
    pitch: -0.95346826